# This file may be used to create an environment using:
# $ conda create --name <env> --file <this file>
# platform: win-64
bzip2=1.0.8=he774522_0
ca-certificates=2023.08.22=haa95532_0
click=8.1.7=py311haa95532_0
colorama=0.4.6=py311haa95532_0
flask=2.2.2=py311haa95532_0
intel-openmp=2023.2.0=h57928b3_50497
itsdangerous=2.0.1=pyhd3eb1b0_0
jinja2=3.1.2=py311haa95532_0
joblib=1.3.2=pyhd8ed1ab_0
libblas=3.9.0=19_win64_mkl
libcblas=3.9.0=19_win64_mkl
libffi=3.4.4=hd77b12b_0
libhwloc=2.9.1=h51c2c0f_0
libiconv=1.17=h8ffe710_0
liblapack=3.9.0=19_win64_mkl
libxml2=2.10.4=h0ad7f3c_1
markupsafe=2.1.1=py311h2bbff1b_0
mkl=2023.2.0=h6a75c08_50496
numpy=1.26.0=py311h0b4df5a_0
openssl=3.1.4=hcfcfb64_0
pip=23.3=py311haa95532_0
pthreads-win32=2.9.1=hfa6e2cd_3
python=3.11.5=he1021f5_0
python_abi=3.11=2_cp311
scikit-learn=1.3.2=py311h142b183_1
scipy=1.11.3=py311h0b4df5a_1
setuptools=68.0.0=py311haa95532_0
sqlite=3.41.2=h2bbff1b_0
tbb=2021.9.0=h91493d7_0
threadpoolctl=3.2.0=pyha21a80b_0
tk=8.6.12=h2bbff1b_0
tzdata=2023c=h04d1e81_0
ucrt=10.0.22621.0=h57928b3_0
vc=14.2=h21ff451_1
vc14_runtime=14.36.32532=hdcecf7f_17
vs2015_runtime=14.36.32532=h05e6639_17
werkzeug=2.2.3=py311haa95532_0
wheel=0.41.2=py311haa95532_0
xz=5.4.2=h8cc25b3_0
zlib=1.2.13=h8cc25b3_0
